 0                                                       
 0                                                       
 0                                                       
-0.000030517578125                                       
 0                                                       
 0                                                       
 0.000030517578125                                       
 0.000030517578125                                       
 0.00006103515625                                        
 0.00006103515625                                        
 0.000030517578125                                       
-0.000030517578125                                       
-0.000091552734375                                       
-0.0001220703125                                         
-0.000091552734375                                       
-0.00006103515625                                        
 0.000030517578125                                       
 0.000091552734375                                       
 0.000152587890625                                       
 0.00018310546875                                        
 0.0001220703125                                         
 0.000030517578125                                       
-0.000091552734375                                       
-0.00018310546875                                        
-0.000244140625                                          
-0.00018310546875                                        
-0.00006103515625                                        
 0.00006103515625                                        
 0.00018310546875                                        
 0.000244140625                                          
 0.000213623046875                                       
 0.0001220703125                                         
 0                                                       
-0.0001220703125                                         
-0.000213623046875                                       
-0.000213623046875                                       
-0.0001220703125                                         
-0.000030517578125                                       
 0.00006103515625                                        
 0.0001220703125                                         
 0.0001220703125                                         
 0.00006103515625                                        
 0.000030517578125                                       
 0                                                       
 0                                                       
 0.00006103515625                                        
 0.000091552734375                                       
 0.000091552734375                                       
 0                                                       
-0.0001220703125                                         
-0.000244140625                                          
-0.000335693359375                                       
-0.00030517578125                                        
-0.0001220703125                                         
 0.000152587890625                                       
 0.000396728515625                                       
 0.000579833984375                                       
 0.000579833984375                                       
 0.000335693359375                                       
-0.000030517578125                                       
-0.000457763671875                                       
-0.00079345703125                                        
-0.0008544921875                                         
-0.0006103515625                                         
-0.000152587890625                                       
 0.000396728515625                                       
 0.0008544921875                                         
 0.00103759765625                                        
 0.000885009765625                                       
 0.000396728515625                                       
-0.00018310546875                                        
-0.000732421875                                          
-0.00103759765625                                        
-0.0009765625                                            
-0.0006103515625                                         
-0.000030517578125                                       
 0.00048828125                                           
 0.000823974609375                                       
 0.0008544921875                                         
 0.0006103515625                                         
 0.00018310546875                                        
-0.00018310546875                                        
-0.00042724609375                                        
-0.000457763671875                                       
-0.00030517578125                                        
-0.0001220703125                                         
 0                                                       
 0                                                       
-0.0001220703125                                         
-0.000244140625                                          
-0.000274658203125                                       
-0.000091552734375                                       
 0.000274658203125                                       
 0.000701904296875                                       
 0.001007080078125                                       
 0.000946044921875                                       
 0.00048828125                                           
-0.00030517578125                                        
-0.00115966796875                                        
-0.001739501953125                                       
-0.001800537109375                                       
-0.001190185546875                                       
-0.00006103515625                                        
 0.001251220703125                                       
 0.00225830078125                                        
 0.0025634765625                                         
 0.00201416015625                                        
 0.000701904296875                                       
-0.00091552734375                                        
-0.0023193359375                                         
-0.00299072265625                                        
-0.002685546875                                          
-0.001434326171875                                       
 0.00030517578125                                        
 0.001953125                                             
 0.0029296875                                            
 0.002899169921875                                       
 0.001922607421875                                       
 0.0003662109375                                         
-0.001190185546875                                       
-0.00225830078125                                        
-0.002471923828125                                       
-0.001861572265625                                       
-0.000762939453125                                       
 0.00042724609375                                        
 0.001220703125                                          
 0.00140380859375                                        
 0.001068115234375                                       
 0.00048828125                                           
 0                                                       
-0.0001220703125                                         
 0.000091552734375                                       
 0.00042724609375                                        
 0.000579833984375                                       
 0.000274658203125                                       
-0.00054931640625                                        
-0.0015869140625                                         
-0.00238037109375                                        
-0.002410888671875                                       
-0.001434326171875                                       
 0.00042724609375                                        
 0.002593994140625                                       
 0.004241943359375                                       
 0.004608154296875                                       
 0.003326416015625                                       
 0.0006103515625                                         
-0.002685546875                                          
-0.00543212890625                                        
-0.006561279296875                                       
-0.005462646484375                                       
-0.00238037109375                                        
 0.00177001953125                                        
 0.00555419921875                                        
 0.007659912109375                                       
 0.0072021484375                                         
 0.004302978515625                                       
-0.000091552734375                                       
-0.0045166015625                                         
-0.0074462890625                                         
-0.0078125                                               
-0.005615234375                                          
-0.00164794921875                                        
 0.002655029296875                                       
 0.005828857421875                                       
 0.006805419921875                                       
 0.0054931640625                                         
 0.0025634765625                                         
-0.000762939453125                                       
-0.00323486328125                                        
-0.004150390625                                          
-0.003448486328125                                       
-0.001800537109375                                       
-0.00018310546875                                        
 0.000579833984375                                       
 0.00030517578125                                        
-0.0006103515625                                         
-0.00128173828125                                        
-0.0008544921875                                         
 0.0009765625                                            
 0.003692626953125                                       
 0.00604248046875                                        
 0.00665283203125                                        
 0.004486083984375                                       
-0.000335693359375                                       
-0.006500244140625                                       
-0.011749267578125                                       
-0.013671875                                             
-0.01080322265625                                        
-0.003265380859375                                       
 0.006866455078125                                       
 0.016204833984375                                       
 0.0211181640625                                         
 0.019073486328125                                       
 0.0098876953125                                         
-0.00396728515625                                        
-0.01806640625                                           
-0.027313232421875                                       
-0.027923583984375                                       
-0.018798828125                                          
-0.0023193359375                                         
 0.016357421875                                          
 0.030792236328125                                       
 0.03564453125                                           
 0.028594970703125                                       
 0.01129150390625                                        
-0.0108642578125                                         
-0.030426025390625                                       
-0.040618896484375                                       
-0.037445068359375                                       
-0.021484375                                             
 0.00225830078125                                        
 0.025970458984375                                       
 0.041595458984375                                       
 0.043609619140625                                       
 0.031097412109375                                       
 0.00799560546875                                        
-0.018035888671875                                       
-0.038238525390625                                       
 0.95416259765625                                        
-0.038238525390625                                       
-0.018035888671875                                       
 0.00799560546875                                        
 0.031097412109375                                       
 0.043609619140625                                       
 0.041595458984375                                       
 0.025970458984375                                       
 0.00225830078125                                        
-0.021484375                                             
-0.037445068359375                                       
-0.040618896484375                                       
-0.030426025390625                                       
-0.0108642578125                                         
 0.01129150390625                                        
 0.028594970703125                                       
 0.03564453125                                           
 0.030792236328125                                       
 0.016357421875                                          
-0.0023193359375                                         
-0.018798828125                                          
-0.027923583984375                                       
-0.027313232421875                                       
-0.01806640625                                           
-0.00396728515625                                        
 0.0098876953125                                         
 0.019073486328125                                       
 0.0211181640625                                         
 0.016204833984375                                       
 0.006866455078125                                       
-0.003265380859375                                       
-0.01080322265625                                        
-0.013671875                                             
-0.011749267578125                                       
-0.006500244140625                                       
-0.000335693359375                                       
 0.004486083984375                                       
 0.00665283203125                                        
 0.00604248046875                                        
 0.003692626953125                                       
 0.0009765625                                            
-0.0008544921875                                         
-0.00128173828125                                        
-0.0006103515625                                         
 0.00030517578125                                        
 0.000579833984375                                       
-0.00018310546875                                        
-0.001800537109375                                       
-0.003448486328125                                       
-0.004150390625                                          
-0.00323486328125                                        
-0.000762939453125                                       
 0.0025634765625                                         
 0.0054931640625                                         
 0.006805419921875                                       
 0.005828857421875                                       
 0.002655029296875                                       
-0.00164794921875                                        
-0.005615234375                                          
-0.0078125                                               
-0.0074462890625                                         
-0.0045166015625                                         
-0.000091552734375                                       
 0.004302978515625                                       
 0.0072021484375                                         
 0.007659912109375                                       
 0.00555419921875                                        
 0.00177001953125                                        
-0.00238037109375                                        
-0.005462646484375                                       
-0.006561279296875                                       
-0.00543212890625                                        
-0.002685546875                                          
 0.0006103515625                                         
 0.003326416015625                                       
 0.004608154296875                                       
 0.004241943359375                                       
 0.002593994140625                                       
 0.00042724609375                                        
-0.001434326171875                                       
-0.002410888671875                                       
-0.00238037109375                                        
-0.0015869140625                                         
-0.00054931640625                                        
 0.000274658203125                                       
 0.000579833984375                                       
 0.00042724609375                                        
 0.000091552734375                                       
-0.0001220703125                                         
 0                                                       
 0.00048828125                                           
 0.001068115234375                                       
 0.00140380859375                                        
 0.001220703125                                          
 0.00042724609375                                        
-0.000762939453125                                       
-0.001861572265625                                       
-0.002471923828125                                       
-0.00225830078125                                        
-0.001190185546875                                       
 0.0003662109375                                         
 0.001922607421875                                       
 0.002899169921875                                       
 0.0029296875                                            
 0.001953125                                             
 0.00030517578125                                        
-0.001434326171875                                       
-0.002685546875                                          
-0.00299072265625                                        
-0.0023193359375                                         
-0.00091552734375                                        
 0.000701904296875                                       
 0.00201416015625                                        
 0.0025634765625                                         
 0.00225830078125                                        
 0.001251220703125                                       
-0.00006103515625                                        
-0.001190185546875                                       
-0.001800537109375                                       
-0.001739501953125                                       
-0.00115966796875                                        
-0.00030517578125                                        
 0.00048828125                                           
 0.000946044921875                                       
 0.001007080078125                                       
 0.000701904296875                                       
 0.000274658203125                                       
-0.000091552734375                                       
-0.000274658203125                                       
-0.000244140625                                          
-0.0001220703125                                         
 0                                                       
 0                                                       
-0.0001220703125                                         
-0.00030517578125                                        
-0.000457763671875                                       
-0.00042724609375                                        
-0.00018310546875                                        
 0.00018310546875                                        
 0.0006103515625                                         
 0.0008544921875                                         
 0.000823974609375                                       
 0.00048828125                                           
-0.000030517578125                                       
-0.0006103515625                                         
-0.0009765625                                            
-0.00103759765625                                        
-0.000732421875                                          
-0.00018310546875                                        
 0.000396728515625                                       
 0.000885009765625                                       
 0.00103759765625                                        
 0.0008544921875                                         
 0.000396728515625                                       
-0.000152587890625                                       
-0.0006103515625                                         
-0.0008544921875                                         
-0.00079345703125                                        
-0.000457763671875                                       
-0.000030517578125                                       
 0.000335693359375                                       
 0.000579833984375                                       
 0.000579833984375                                       
 0.000396728515625                                       
 0.000152587890625                                       
-0.0001220703125                                         
-0.00030517578125                                        
-0.000335693359375                                       
-0.000244140625                                          
-0.0001220703125                                         
 0                                                       
 0.000091552734375                                       
 0.000091552734375                                       
 0.00006103515625                                        
 0                                                       
 0                                                       
 0.000030517578125                                       
 0.00006103515625                                        
 0.0001220703125                                         
 0.0001220703125                                         
 0.00006103515625                                        
-0.000030517578125                                       
-0.0001220703125                                         
-0.000213623046875                                       
-0.000213623046875                                       
-0.0001220703125                                         
 0                                                       
 0.0001220703125                                         
 0.000213623046875                                       
 0.000244140625                                          
 0.00018310546875                                        
 0.00006103515625                                        
-0.00006103515625                                        
-0.00018310546875                                        
-0.000244140625                                          
-0.00018310546875                                        
-0.000091552734375                                       
 0.000030517578125                                       
 0.0001220703125                                         
 0.00018310546875                                        
 0.000152587890625                                       
 0.000091552734375                                       
 0.000030517578125                                       
-0.00006103515625                                        
-0.000091552734375                                       
-0.0001220703125                                         
-0.000091552734375                                       
-0.000030517578125                                       
 0.000030517578125                                       
 0.00006103515625                                        
 0.00006103515625                                        
 0.000030517578125                                       
 0.000030517578125                                       
 0                                                       
 0                                                       
-0.000030517578125                                       
 0                                                       
 0                                                       
 0                  