-0.000000191834017660323517372793710421275
-0.000004034728900840718215741170088461942
-0.000010689387953754669421837890375126534
-0.000015365849276640647374939444014252388
-0.000012594635653933443995952830285478541
 0.000000608929166669258340023552968783838
 0.000022141303313177542909026551676276995
 0.000044288394933054013092622869240955197
 0.000056039452672049526503819660838701111
 0.00004771129757945765515044986293524687 
 0.000016104476114580964753652744803069652
-0.000032199023257629106969067434018683116
-0.000081361515587118079877691767531899814
-0.000111177494761471656534168594987477263
-0.000104945761239610401978177012249915379
-0.000057352180005798511247972620852308978
 0.000021109396532885317548542888910212412
 0.000105670964515803254314685322157174596
 0.000165049500289063497560776427874884575
 0.000173057733673177068390441890599618091
 0.00011973465462031639811556205099662975 
 0.000017326091681687164595829578339625243
-0.000101941696570260190895032548219489854
-0.000196272311606228959260725397406588399
-0.000229488340594338942075164355927086035
-0.000185317689431608293880102134032483718
-0.000074985356686339767109256149169027594
 0.000065397768120653871769427933902107952
 0.000187254176133528125016217136256102549
 0.000247369099881274525417479415168031665
 0.000224299610115573502333932709440489361
 0.000126786924460119772208738231356051074
-0.000009419031554365569946694024261457656
-0.000135308373207824940865490193075970637
-0.000207555853307734287276423157386773255
-0.000205018538857836940102891132298168486
-0.000136024833911752013456894494503046644
-0.000033465928399193899654175121671784154
 0.000060150079745068131932897448344021996
 0.000111176833717178404851294581945353457
 0.00010872421625464754213908485924733327 
 0.000067784507924640484757827785244899133
 0.000020165795334835795704067282207994083
-0.000002618093355135913325902000808875769
 0.000013552334917831769585286165458182239
 0.000056730651773179698808390741815443903
 0.000093527689284835698328886277597149501
 0.000085806750506365413026267641161126676
 0.000012237934798541952419550539465920025
-0.000115603948127772376440122736873661324
-0.000251437416984779575981900912040600815
-0.000329811665127477241822584463903922369
-0.000294161171814114833639175472512761189
-0.000126018794228197490150597537272858517
 0.0001380615022576475595453282529945227  
 0.00041154598401953054959481748120708744 
 0.000586024551187112104772003462471730018
 0.000573396935861081877630618386376681883
 0.000345863718347021696641885313283637515
-0.00004360291563004628430681372530663964 
-0.000471346983463963135896346301478843088
-0.000783075874616054432193756884572621857
-0.000850731323459090102954982537397654596
-0.00062482845941135901381147110811298262 
-0.000160818967733065168413883472275927033
 0.000393230227576919116102421858371940289
 0.000845744444852136083648486142294586898
 0.001030765974288389875967997255656882771
 0.000871281990497732128191088474267189667
 0.000411778423961329707002343436528235543
-0.000194025698804425661197700647697672593
-0.000737216011080977780094147799871961979
-0.001029854780640020259913081090985542687
-0.000974323630257462676602930873315244753
-0.000598873200241756644714163915210747291
-0.00004529926003680323498556958838889841 
 0.000486507534377964359628698787219036603
 0.00081516827442275547385003298117567283 
 0.000845094247293085433329895561627154166
 0.000597819996325211328556947787404851624
 0.000195621046850600970555544844131645732
-0.000194564825616963050147409375334461856
-0.000432419053135638109530702877236763015
-0.000460101475593828240697596987374140554
-0.00031904256335694232589450525239271883 
-0.000121308695307818033455593553782136951
 0.000010572790526606586083914647578030355
 0.000007075194260506106814134687915673894
-0.00011178075848580009093828635524658921 
-0.000245240572217942818730729293008607783
-0.000263728573351071067607659381692997158
-0.000080903307941650458605040152626486361
 0.000288368578834337504438606325507521433
 0.000714472300177213014496513387996401434
 0.000996010350241841686466659488985442295
 0.000945896688054838037998384159266151983
 0.000485543248758148909306753271408751971
-0.000295694618648753907146770059100049366
-0.00114789128837145351126614034598105718 
-0.001740646273664495351923831023555067077
-0.001790366724852105687754155738389272301
-0.001185760025858119794464617946516682423
-0.000057970370974700017436230525813556369
 0.001240344284792218448876255365576071199
 0.002248102666624868673644899175201317121
 0.002564089533027371237833280659401680168
 0.002007604631310634483998267540982851642
 0.00070663170869233896207589618043698465 
-0.000926950043111292375057341796917853571
-0.002333151321945629765725049864499851537
-0.003004424607126932825901244328292705177
-0.00267656346114320421031296248770559032 
-0.00143568365046762582391826068572981967 
 0.000303204145035057537598682797508331532
 0.001941859713896704545121885132630268345
 0.002915861409510259964067424576228404476
 0.00290104476713689022823738916656566289 
 0.001930037931954948224669288414645507146
 0.000373850599284442119182164665502909884
-0.001203854014315283629116271058023812657
-0.002262029597832190905976057493376174534
-0.002482022737664073882418724892318095954
-0.001873786776856621897821564282082817954
-0.000749110236460538312860957255168159463
 0.000422937364870181560158601818955048657
 0.00121508465440722996687983314956227332 
 0.001410823262993963914460615605150906049
 0.001073051677570506208872491704653384659
 0.000486527278810545017045940952016280789
 0.000003723751108574849416236541080338363
-0.000133609446797958034483522204993732885
 0.000086160267416719371808865590711690174
 0.000441388731991110869028183127937836616
 0.000594638316334114916394959493572969222
 0.000278525501354269305279848234491169023
-0.000537607957814608067650952172300549137
-0.001584593158857385821955410243333517428
-0.002375969973845491571562416055485300603
-0.002413345199709837542861867731858183106
-0.001431968619411062631704978365121405659
 0.000423567464863699311150568860284693073
 0.00258397644451575101212648100101887394 
 0.004228839057394212508356190483027603477
 0.004597126475292078254253347324720380129
 0.003317133120307786623565116101985950081
 0.000617203766456396484864355134192237529
-0.002685141352964048010176778547020148835
-0.005435280903222404653984956013346163672
-0.006556175385716852578588120792346671806
-0.005473364152710652810740477036688389489
-0.002381151244319972860863376951101599843
 0.001768190448771082357373729543326135172
 0.005568019833353993024160910607633923064
 0.007654313819487505894667567218903059256
 0.007214442037739541256635700250399167999
 0.00431195849061712793703904367248469498 
-0.00010547126732645047966167167752260525 
-0.004529668554014592597722899114387473674
-0.007433209209385513785428578614755679155
-0.007826655647486574843285644931256683776
-0.005619272794310293563102565173039693036
-0.001643562965182978133360514050309575396
 0.002666656044403271745568684281124660629
 0.005819546193378717646726983048210968263
 0.006817757770031651967657104762565722922
 0.005505044889943482358529713849293329986
 0.002575359495404757736308765103672158148
-0.000750324410055508124808842929098773311
-0.003239486751638057104862866708572255448
-0.00413894793250493137071188698428159114 
-0.003437728172892208500233124368605786003
-0.001797607548984759022123181004815251072
-0.00019110662001569554647659177071261638 
 0.000585424118969895212159781916483325404
 0.000299559709334479631892556028560647974
-0.000610949674169056905492780629174376372
-0.001271129984934960379175383771155338763
-0.000842831030673425328665626654611742197
 0.000977357201738253585088234132172146928
 0.003680729412537147443584828465645841789
 0.006051198331211880658553337042349085095
 0.006649958182468784090302094114122155588
 0.004499936313344143554160403652986133238
-0.000324364819661635114724645978512285183
-0.006490241521489011587708883865843745298
-0.011737222840873671320105486870488675777
-0.013680650477350765614747984955101856031
-0.010809386873910359697092964381681667874
-0.003278461978393906999657003709103264555
 0.00686715631387068217716951323836838128 
 0.016209568885438119245634425169555470347
 0.021103146947645944064841927456654957496
 0.019066190154181605204142258003230381291
 0.009894682367266777883729744758056767751
-0.003972748248438201339183262206233848701
-0.018063489664986460275786228635297447909
-0.027320117833410408059169327543713734485
-0.027918756472033935678300764493542374112
-0.018800796778792594476925614799256436527
-0.002315146586320006999448750661940721329
 0.016343941969567940541985251456935657188
 0.030789303799472537287451601173415838275
 0.035653138804622695745560889690750627778
 0.028584116958699144067646003009031119291
 0.011284167189890600968560363526194123551
-0.010851215977906971538180513903171231505
-0.030437630155031734219273076291756296996
-0.040605972598477403645578220903189503588
-0.037443525041353502291752164410354453139
-0.021493609033947241176987219546390406322
 0.002260452098189633541452936427162967448
 0.025977151461477662047760972541254886892
 0.041594294243866174187740369916355120949
 0.043618952331679936018637988581758690998
 0.031088151423058325850679040058821556158
 0.007990868375172554410879044439752760809
-0.018025897061062456233626605239805940073
-0.03823934975333923708129546525924524758 
 0.954156746189996241014341649133712053299
-0.03823934975333923708129546525924524758 
-0.018025897061062456233626605239805940073
 0.007990868375172554410879044439752760809
 0.031088151423058325850679040058821556158
 0.043618952331679936018637988581758690998
 0.041594294243866174187740369916355120949
 0.025977151461477662047760972541254886892
 0.002260452098189633541452936427162967448
-0.021493609033947241176987219546390406322
-0.037443525041353502291752164410354453139
-0.040605972598477403645578220903189503588
-0.030437630155031734219273076291756296996
-0.010851215977906971538180513903171231505
 0.011284167189890600968560363526194123551
 0.028584116958699144067646003009031119291
 0.035653138804622695745560889690750627778
 0.030789303799472537287451601173415838275
 0.016343941969567940541985251456935657188
-0.002315146586320006999448750661940721329
-0.018800796778792594476925614799256436527
-0.027918756472033935678300764493542374112
-0.027320117833410408059169327543713734485
-0.018063489664986460275786228635297447909
-0.003972748248438201339183262206233848701
 0.009894682367266777883729744758056767751
 0.019066190154181605204142258003230381291
 0.021103146947645944064841927456654957496
 0.016209568885438119245634425169555470347
 0.00686715631387068217716951323836838128 
-0.003278461978393906999657003709103264555
-0.010809386873910359697092964381681667874
-0.013680650477350765614747984955101856031
-0.011737222840873671320105486870488675777
-0.006490241521489011587708883865843745298
-0.000324364819661635114724645978512285183
 0.004499936313344143554160403652986133238
 0.006649958182468784090302094114122155588
 0.006051198331211880658553337042349085095
 0.003680729412537147443584828465645841789
 0.000977357201738253585088234132172146928
-0.000842831030673425328665626654611742197
-0.001271129984934960379175383771155338763
-0.000610949674169056905492780629174376372
 0.000299559709334479631892556028560647974
 0.000585424118969895212159781916483325404
-0.00019110662001569554647659177071261638 
-0.001797607548984759022123181004815251072
-0.003437728172892208500233124368605786003
-0.00413894793250493137071188698428159114 
-0.003239486751638057104862866708572255448
-0.000750324410055508124808842929098773311
 0.002575359495404757736308765103672158148
 0.005505044889943482358529713849293329986
 0.006817757770031651967657104762565722922
 0.005819546193378717646726983048210968263
 0.002666656044403271745568684281124660629
-0.001643562965182978133360514050309575396
-0.005619272794310293563102565173039693036
-0.007826655647486574843285644931256683776
-0.007433209209385513785428578614755679155
-0.004529668554014592597722899114387473674
-0.00010547126732645047966167167752260525 
 0.00431195849061712793703904367248469498 
 0.007214442037739541256635700250399167999
 0.007654313819487505894667567218903059256
 0.005568019833353993024160910607633923064
 0.001768190448771082357373729543326135172
-0.002381151244319972860863376951101599843
-0.005473364152710652810740477036688389489
-0.006556175385716852578588120792346671806
-0.005435280903222404653984956013346163672
-0.002685141352964048010176778547020148835
 0.000617203766456396484864355134192237529
 0.003317133120307786623565116101985950081
 0.004597126475292078254253347324720380129
 0.004228839057394212508356190483027603477
 0.00258397644451575101212648100101887394 
 0.000423567464863699311150568860284693073
-0.001431968619411062631704978365121405659
-0.002413345199709837542861867731858183106
-0.002375969973845491571562416055485300603
-0.001584593158857385821955410243333517428
-0.000537607957814608067650952172300549137
 0.000278525501354269305279848234491169023
 0.000594638316334114916394959493572969222
 0.000441388731991110869028183127937836616
 0.000086160267416719371808865590711690174
-0.000133609446797958034483522204993732885
 0.000003723751108574849416236541080338363
 0.000486527278810545017045940952016280789
 0.001073051677570506208872491704653384659
 0.001410823262993963914460615605150906049
 0.00121508465440722996687983314956227332 
 0.000422937364870181560158601818955048657
-0.000749110236460538312860957255168159463
-0.001873786776856621897821564282082817954
-0.002482022737664073882418724892318095954
-0.002262029597832190905976057493376174534
-0.001203854014315283629116271058023812657
 0.000373850599284442119182164665502909884
 0.001930037931954948224669288414645507146
 0.00290104476713689022823738916656566289 
 0.002915861409510259964067424576228404476
 0.001941859713896704545121885132630268345
 0.000303204145035057537598682797508331532
-0.00143568365046762582391826068572981967 
-0.00267656346114320421031296248770559032 
-0.003004424607126932825901244328292705177
-0.002333151321945629765725049864499851537
-0.000926950043111292375057341796917853571
 0.00070663170869233896207589618043698465 
 0.002007604631310634483998267540982851642
 0.002564089533027371237833280659401680168
 0.002248102666624868673644899175201317121
 0.001240344284792218448876255365576071199
-0.000057970370974700017436230525813556369
-0.001185760025858119794464617946516682423
-0.001790366724852105687754155738389272301
-0.001740646273664495351923831023555067077
-0.00114789128837145351126614034598105718 
-0.000295694618648753907146770059100049366
 0.000485543248758148909306753271408751971
 0.000945896688054838037998384159266151983
 0.000996010350241841686466659488985442295
 0.000714472300177213014496513387996401434
 0.000288368578834337504438606325507521433
-0.000080903307941650458605040152626486361
-0.000263728573351071067607659381692997158
-0.000245240572217942818730729293008607783
-0.00011178075848580009093828635524658921 
 0.000007075194260506106814134687915673894
 0.000010572790526606586083914647578030355
-0.000121308695307818033455593553782136951
-0.00031904256335694232589450525239271883 
-0.000460101475593828240697596987374140554
-0.000432419053135638109530702877236763015
-0.000194564825616963050147409375334461856
 0.000195621046850600970555544844131645732
 0.000597819996325211328556947787404851624
 0.000845094247293085433329895561627154166
 0.00081516827442275547385003298117567283 
 0.000486507534377964359628698787219036603
-0.00004529926003680323498556958838889841 
-0.000598873200241756644714163915210747291
-0.000974323630257462676602930873315244753
-0.001029854780640020259913081090985542687
-0.000737216011080977780094147799871961979
-0.000194025698804425661197700647697672593
 0.000411778423961329707002343436528235543
 0.000871281990497732128191088474267189667
 0.001030765974288389875967997255656882771
 0.000845744444852136083648486142294586898
 0.000393230227576919116102421858371940289
-0.000160818967733065168413883472275927033
-0.00062482845941135901381147110811298262 
-0.000850731323459090102954982537397654596
-0.000783075874616054432193756884572621857
-0.000471346983463963135896346301478843088
-0.00004360291563004628430681372530663964 
 0.000345863718347021696641885313283637515
 0.000573396935861081877630618386376681883
 0.000586024551187112104772003462471730018
 0.00041154598401953054959481748120708744 
 0.0001380615022576475595453282529945227  
-0.000126018794228197490150597537272858517
-0.000294161171814114833639175472512761189
-0.000329811665127477241822584463903922369
-0.000251437416984779575981900912040600815
-0.000115603948127772376440122736873661324
 0.000012237934798541952419550539465920025
 0.000085806750506365413026267641161126676
 0.000093527689284835698328886277597149501
 0.000056730651773179698808390741815443903
 0.000013552334917831769585286165458182239
-0.000002618093355135913325902000808875769
 0.000020165795334835795704067282207994083
 0.000067784507924640484757827785244899133
 0.00010872421625464754213908485924733327 
 0.000111176833717178404851294581945353457
 0.000060150079745068131932897448344021996
-0.000033465928399193899654175121671784154
-0.000136024833911752013456894494503046644
-0.000205018538857836940102891132298168486
-0.000207555853307734287276423157386773255
-0.000135308373207824940865490193075970637
-0.000009419031554365569946694024261457656
 0.000126786924460119772208738231356051074
 0.000224299610115573502333932709440489361
 0.000247369099881274525417479415168031665
 0.000187254176133528125016217136256102549
 0.000065397768120653871769427933902107952
-0.000074985356686339767109256149169027594
-0.000185317689431608293880102134032483718
-0.000229488340594338942075164355927086035
-0.000196272311606228959260725397406588399
-0.000101941696570260190895032548219489854
 0.000017326091681687164595829578339625243
 0.00011973465462031639811556205099662975 
 0.000173057733673177068390441890599618091
 0.000165049500289063497560776427874884575
 0.000105670964515803254314685322157174596
 0.000021109396532885317548542888910212412
-0.000057352180005798511247972620852308978
-0.000104945761239610401978177012249915379
-0.000111177494761471656534168594987477263
-0.000081361515587118079877691767531899814
-0.000032199023257629106969067434018683116
 0.000016104476114580964753652744803069652
 0.00004771129757945765515044986293524687 
 0.000056039452672049526503819660838701111
 0.000044288394933054013092622869240955197
 0.000022141303313177542909026551676276995
 0.000000608929166669258340023552968783838
-0.000012594635653933443995952830285478541
-0.000015365849276640647374939444014252388
-0.000010689387953754669421837890375126534
-0.000004034728900840718215741170088461942
-0.000000191834017660323517372793710421275
0