-2.4135235595832992e-20,
1.863920023733443e-08,
6.543738624700769e-08,
1.2308307936765985e-07,
1.710109905645239e-07,
1.8757209501895001e-07,
1.5228302518297367e-07,
4.7987606857636985e-08,
-1.3723069099743578e-07,
-4.0853052166761157e-07,
-7.633083839455397e-07,
-1.190794773162552e-06,
-1.6722979333770864e-06,
-2.1820992967673443e-06,
-2.688960307672263e-06,
-3.158157256084804e-06,
-3.5539215952252473e-06,
-3.842130445084223e-06,
-3.993067755279083e-06,
-3.984062669863829e-06,
-3.8018092364914386e-06,
-3.444181361219749e-06,
-2.921378797107767e-06,
-2.2562732565825646e-06,
-1.483867070449951e-06,
-6.498281728503527e-07,
1.9187797946301835e-07,
9.82179625465934e-07,
1.660774592076323e-06,
2.1704980516635195e-06,
2.4619425485279127e-06,
2.4980546115510174e-06,
2.258409632221461e-06,
1.7428596801527062e-06,
9.742590267184944e-07,
-1.7475520901865324e-18,
-1.1078628566639544e-06,
-2.2540607086432766e-06,
-3.3232150330291837e-06,
-4.184596591838032e-06,
-4.698442263878462e-06,
-4.723636185382597e-06,
-4.126466690979009e-06,
-2.7900828227876097e-06,
-6.241988321237465e-07,
2.425462981403476e-06,
6.368537208419819e-06,
1.1162745419463748e-05,
1.67085322598668e-05,
2.2846102726922114e-05,
2.9355280938984054e-05,
3.595850804999096e-05,
4.232716938931849e-05,
4.80912927086028e-05,
5.285249620678196e-05,
5.619989352606438e-05,
5.7728490801800724e-05,
5.705944632990582e-05,
5.3861414946255224e-05,
4.787207510604708e-05,
3.891884467325681e-05,
2.693773839720873e-05,
1.198931145452471e-05,
-5.729326920328773e-06,
-2.5877355951223008e-05,
-4.79687287143634e-05,
-7.137690051164705e-05,
-9.534617155319048e-05,
-0.00011900975161361804,
-0.00014141436510438268,
-0.00016155091136109677,
-0.0001783903894283412,
-0.00019092400271885913,
-0.00019820609050886628,
-0.00019939830397225025,
-0.00019381326719814987,
-0.00018095584975865993,
-0.00016056013623073694,
-0.00013262021636333368,
-9.741304100224695e-05,
-5.5511793722010146e-05,
-7.788513026176888e-06,
4.459494207344966e-05,
0.00010020806993943714,
0.00015738506575289205,
0.00021426984042186234,
0.0002688717245336148,
0.0003191303594764057,
0.00036298780513869665,
0.00039846547344026613,
0.00042374315021091974,
0.0004372371135259606,
0.0004376742105937619,
0.00042415873002333416,
0.0003962290097040605,
0.00035390095549815167,
0.0002976960099793929,
0.00022865159543960676,
0.0001483126476922634,
5.870353793739083e-05,
-3.7719574488174265e-05,
-0.00013813513282135014,
-0.00023943970182306815,
-0.00033834623581367957,
-0.0004314940112427572,
-0.0005155665244898378,
-0.0005874131613363895,
-0.0006441700970727164,
-0.0006833757068796301,
-0.0007030757703201194,
-0.0007019139498839658,
-0.0006792034123022163,
-0.000634976035508699,
-0.0005700063882950805,
-0.0004858085606811568,
-0.00038460493042399586,
-0.0002692670382728177,
-0.00014322986996605965,
-1.0381961521899066e-05,
0.00012506519059477095,
0.0002587239678259631,
0.0003861884490545902,
0.0005031973076454251,
0.000605795464445622,
0.0006904880021146086,
0.0007543799349764584,
0.0007952957861451496,
0.000811873545733037,
0.0008036284549866941,
0.0007709831545021957,
0.0007152620131040341,
0.000638648871013941,
0.0005441089323338672,
0.0004352770675698592,
0.0003163162734289113,
0.00019175141998258494,
6.628463186519198e-05,
-5.5400357695442484e-05,
-0.00016883682449578464,
-0.00026996818715801656,
-0.0003553271480312315,
-0.0004221926408749968,
-0.0004687170574312439,
-0.0004940172469311881,
-0.0004982241244228267,
-0.00048248734109694624,
-0.0004489333044942112,
-0.00040057681890507356,
-0.0003411886675232386,
-0.0002751234928682628,
-0.0002071142626345197,
-0.00014204134719830158,
-8.468569969726391e-05,
-3.9476745248925315e-05,
-1.0246289486463978e-05,
-5.101805055920718e-17,
-1.0717766749946539e-05,
-4.319349788428186e-05,
-9.692366523474978e-05,
-0.00017005220998620623,
-0.0002593773053670815,
-0.0003604230210831432,
-0.00046757623239749706,
-0.0005742862685193014,
-0.0006733219142952577,
-0.0007570775865632431,
-0.0008179179240406579,
-0.0008485477761088983,
-0.0008423927616900359,
-0.0007939742916413261,
-0.0006992622857748389,
-0.0005559888258539647,
-0.0003639067004933453,
-0.00012497822093236638,
0.00015651820676034484,
0.0004739735315058157,
0.0008185320245452505,
0.0011792765383129723,
0.0015435138022205203,
0.0018971543144877508,
0.002225177208090892,
0.0025121664627352565,
0.002742901173735404,
0.002902979436592706,
0.0029794529134969283,
0.0029614474456589254,
0.0028407442681781143,
0.0026122965457427948,
0.00227465711627006,
0.0018302955056806135,
0.0012857854206811334,
0.0006518479581078579,
-5.6759428696561204e-05,
-0.0008215127468199399,
-0.001620548751296241,
-0.0024292423113620063,
-0.0032209203835895732,
-0.003967693273344401,
-0.004641378487218963,
-0.0052144877940592995,
-0.005661244328879595,
-0.005958593873841332,
-0.0060871729804745575,
-0.006032196463026109,
-0.005784228052811973,
-0.005339800665560559,
-0.004701856752822657,
-0.0038799844865365857,
-0.0028904319136008726,
-0.0017558885186092536,
-0.000505031610270464,
0.0008281566705356783,
0.002205287431080162,
0.003584655613325136,
0.0049224927245714615,
0.006174344385869597,
0.00729652950644183,
0.008247633377154688,
0.008989984020506152,
0.009491059896964879,
0.00972477764780454,
0.009672610988916412,
0.009324496127732632,
0.008679485057922827,
0.007746115629770445,
0.006542476172358574,
0.005095952376420484,
0.003442654807540286,
0.0016265364469095404,
-0.00030177933304983544,
-0.002286429351396576,
-0.00426795895227683,
-0.0061851386490492525,
-0.007976892509014094,
-0.009584276372133486,
-0.010952440685077048,
-0.012032511608821302,
-0.012783325213531586,
-0.01317295301855409,
-0.01317996279664296,
-0.012794366288004578,
-0.012018215032864151,
-0.010865816632678979,
-0.009363556031286142,
-0.007549319461094118,
-0.005471532084232265,
-0.0031878336132509636,
-0.0007634288563027614,
0.0017308382531318906,
0.004220628432992968,
0.006630401620040114,
0.00888578916374397,
0.01091596673775168,
0.01265594988269569,
0.014048735560140928,
0.015047217190864102,
0.015615807263182508,
0.01573171053080082,
0.015385801793332222,
0.014583074910458267,
0.013342643624381771,
0.01169728948814887,
0.009692567220788005,
0.007385492620322672,
0.004842852252127052,
0.0021391870035596602,
-0.0006454871941431675,
-0.003428149024790889,
-0.006125352609662139,
-0.008655836141732976,
-0.010943073631865243,
-0.012917686564460257,
-0.014519636563563225,
-0.015700127143200425,
-0.016423152027896844,
0.9833317048809342,
-0.016423152027896844,
-0.015700127143200425,
-0.014519636563563225,
-0.012917686564460257,
-0.010943073631865243,
-0.008655836141732976,
-0.006125352609662139,
-0.003428149024790889,
-0.0006454871941431675,
0.0021391870035596602,
0.004842852252127052,
0.007385492620322672,
0.009692567220788005,
0.01169728948814887,
0.013342643624381771,
0.014583074910458267,
0.015385801793332222,
0.01573171053080082,
0.015615807263182508,
0.015047217190864102,
0.014048735560140928,
0.01265594988269569,
0.01091596673775168,
0.00888578916374397,
0.006630401620040114,
0.004220628432992968,
0.0017308382531318904,
-0.0007634288563027614,
-0.0031878336132509636,
-0.005471532084232265,
-0.007549319461094118,
-0.009363556031286142,
-0.010865816632678979,
-0.012018215032864151,
-0.012794366288004578,
-0.01317996279664296,
-0.01317295301855409,
-0.012783325213531586,
-0.012032511608821302,
-0.010952440685077048,
-0.009584276372133486,
-0.007976892509014094,
-0.0061851386490492525,
-0.00426795895227683,
-0.002286429351396576,
-0.0003017793330498354,
0.0016265364469095404,
0.003442654807540286,
0.005095952376420484,
0.006542476172358574,
0.007746115629770445,
0.008679485057922827,
0.009324496127732632,
0.009672610988916412,
0.00972477764780454,
0.009491059896964879,
0.008989984020506152,
0.008247633377154688,
0.00729652950644183,
0.006174344385869597,
0.0049224927245714615,
0.003584655613325136,
0.002205287431080162,
0.0008281566705356781,
-0.000505031610270464,
-0.0017558885186092536,
-0.0028904319136008726,
-0.0038799844865365857,
-0.004701856752822657,
-0.005339800665560559,
-0.005784228052811973,
-0.006032196463026109,
-0.0060871729804745575,
-0.005958593873841332,
-0.005661244328879595,
-0.0052144877940592995,
-0.004641378487218961,
-0.003967693273344401,
-0.0032209203835895724,
-0.0024292423113620063,
-0.0016205487512962406,
-0.0008215127468199399,
-5.6759428696561204e-05,
0.0006518479581078582,
0.0012857854206811334,
0.0018302955056806141,
0.00227465711627006,
0.002612296545742796,
0.0028407442681781143,
0.0029614474456589263,
0.0029794529134969283,
0.002902979436592705,
0.002742901173735404,
0.002512166462735255,
0.002225177208090892,
0.0018971543144877506,
0.0015435138022205203,
0.0011792765383129718,
0.0008185320245452505,
0.0004739735315058156,
0.0001565182067603449,
-0.00012497822093236632,
-0.0003639067004933453,
-0.0005559888258539646,
-0.0006992622857748392,
-0.0007939742916413261,
-0.0008423927616900362,
-0.0008485477761088983,
-0.0008179179240406585,
-0.0007570775865632431,
-0.0006733219142952574,
-0.0005742862685193014,
-0.0004675762323974968,
-0.0003604230210831432,
-0.0002593773053670814,
-0.00017005220998620623,
-9.692366523474974e-05,
-4.3193497884281876e-05,
-1.0717766749946537e-05,
-5.101805055920719e-17,
-1.0246289486463975e-05,
-3.947674524892532e-05,
-8.468569969726387e-05,
-0.0001420413471983016,
-0.0002071142626345197,
-0.00027512349286826297,
-0.0003411886675232386,
-0.00040057681890507334,
-0.0004489333044942112,
-0.00048248734109694597,
-0.0004982241244228267,
-0.0004940172469311879,
-0.0004687170574312439,
-0.0004221926408749967,
-0.0003553271480312316,
-0.00026996818715801645,
-0.0001688368244957847,
-5.5400357695442464e-05,
6.628463186519201e-05,
0.00019175141998258486,
0.00031631627342891143,
0.000435277067569859,
0.0005441089323338676,
0.000638648871013941,
0.0007152620131040346,
0.0007709831545021957,
0.0008036284549866934,
0.000811873545733037,
0.000795295786145149,
0.0007543799349764584,
0.000690488002114608,
0.0006057954644456223,
0.000503197307645425,
0.0003861884490545904,
0.000258723967825963,
0.00012506519059477103,
-1.0381961521899064e-05,
-0.00014322986996605967,
-0.00026926703827281765,
-0.000384604930423996,
-0.0004858085606811568,
-0.000570006388295081,
-0.000634976035508699,
-0.0006792034123022157,
-0.0007019139498839658,
-0.0007030757703201187,
-0.0006833757068796301,
-0.0006441700970727159,
-0.0005874131613363895,
-0.0005155665244898377,
-0.0004314940112427573,
-0.0003383462358136794,
-0.00023943970182306823,
-0.00013813513282135006,
-3.771957448817428e-05,
5.870353793739083e-05,
0.0001483126476922634,
0.00022865159543960676,
0.0002976960099793932,
0.00035390095549815167,
0.00039622900970406086,
0.00042415873002333416,
0.00043767421059376143,
0.0004372371135259606,
0.00042374315021091936,
0.00039846547344026613,
0.00036298780513869616,
0.0003191303594764057,
0.0002688717245336144,
0.00021426984042186234,
0.00015738506575289205,
0.00010020806993943714,
4.459494207344966e-05,
-7.788513026176888e-06,
-5.5511793722010146e-05,
-9.741304100224706e-05,
-0.00013262021636333368,
-0.0001605601362307371,
-0.00018095584975865993,
-0.00019381326719815006,
-0.00019939830397225025,
-0.00019820609050886603,
-0.00019092400271885913,
-0.00017839038942834095,
-0.00016155091136109677,
-0.0001414143651043825,
-0.00011900975161361804,
-9.534617155319033e-05,
-7.137690051164705e-05,
-4.79687287143634e-05,
-2.5877355951223008e-05,
-5.729326920328773e-06,
1.198931145452471e-05,
2.693773839720873e-05,
3.8918844673256885e-05,
4.787207510604708e-05,
5.386141494625534e-05,
5.705944632990582e-05,
5.7728490801800663e-05,
5.619989352606438e-05,
5.285249620678183e-05,
4.80912927086028e-05,
4.232716938931844e-05,
3.595850804999096e-05,
2.935528093898401e-05,
2.2846102726922114e-05,
1.67085322598668e-05,
1.1162745419463748e-05,
6.368537208419819e-06,
2.425462981403476e-06,
-6.241988321237465e-07,
-2.7900828227876156e-06,
-4.126466690979009e-06,
-4.723636185382596e-06,
-4.698442263878462e-06,
-4.184596591838045e-06,
-3.3232150330291837e-06,
-2.2540607086432766e-06,
-1.1078628566639544e-06,
-1.7475520901865262e-18,
9.742590267184944e-07,
1.7428596801527062e-06,
2.258409632221461e-06,
2.4980546115510056e-06,
2.4619425485279127e-06,
2.1704980516635076e-06,
1.660774592076323e-06,
9.82179625465934e-07,
1.9187797946301835e-07,
-6.498281728503527e-07,
-1.483867070449957e-06,
-2.2562732565825646e-06,
-2.921378797107781e-06,
-3.444181361219749e-06,
-3.8018092364914606e-06,
-3.984062669863829e-06,
-3.993067755279112e-06,
-3.842130445084223e-06,
-3.55392159522528e-06,
-3.158157256084804e-06,
-2.6889603076722148e-06,
-2.1820992967673443e-06,
-1.6722979333770456e-06,
-1.190794773162552e-06,
-7.633083839455577e-07,
-4.0853052166761157e-07,
-1.3723069099743578e-07,
4.7987606857639295e-08,
1.5228302518297367e-07,
1.8757209501895001e-07,
1.710109905645239e-07,
1.2308307936765985e-07,
6.543738624700769e-08,
1.863920023733443e-08,
-2.4135235595832992e-20